%YAML:1.0
---
type: IMU
name: fdilink
Gyr:
   unit: " rad/s"
   avg-axis:
      gyr_n: 4.8544834563912586e-04
      gyr_w: 1.2580874894189288e-05
   x-axis:
      gyr_n: 4.0559403878491956e-04
      gyr_w: 7.8985500593525854e-06
   y-axis:
      gyr_n: 4.9365695745464105e-04
      gyr_w: 1.1978315512613978e-05
   z-axis:
      gyr_n: 5.5709404067781686e-04
      gyr_w: 1.7865759110601302e-05
Acc:
   unit: " m/s^2"
   avg-axis:
      acc_n: 8.3618610413582293e-03
      acc_w: 2.1700229202310412e-04
   x-axis:
      acc_n: 8.4261807468282868e-03
      acc_w: 1.3018514354121044e-04
   y-axis:
      acc_n: 7.7893748160128831e-03
      acc_w: 2.2694936046723736e-04
   z-axis:
      acc_n: 8.8700275612335223e-03
      acc_w: 2.9387237206086463e-04
